base2end:
  '1':
  - [-0.17333032234877868, -0.027373673238484553, 0.9844832560119556, 0.70090966796875]
  - [-0.9848554435262618, 0.0007129048636211333, -0.1733760281104228, -0.33461636352539065]
  - [0.004044095839516482, -0.999625016583763, -0.027082679128046155, 0.3943753967285156]
  - [0.0, 0.0, 0.0, 1.0]
  '2':
  - [-0.16559456552999646, -0.45009545417926344, 0.8774921777395481, 0.63721728515625]
  - [-0.985861848299743, 0.09863960830811344, -0.13544978309261724, -0.3091365661621094]
  - [-0.02559015306610818, -0.8875158081972315, -0.4600661194503119, 0.35578375244140625]
  - [0.0, 0.0, 0.0, 1.0]
  '3':
  - [0.11916227763962922, 0.26822649114343167, 0.9559575832831804, 0.682196533203125]
  - [-0.9112041850348952, 0.4119501440673707, -0.00200299220298622, -0.2530254058837891]
  - [-0.3943441197261963, -0.870833869490476, 0.29349801870816145, 0.42663226318359376]
  - [0.0, 0.0, 0.0, 1.0]
  '4':
  - [-0.21352170614960603, -0.34575278503273554, 0.913708647570476, 0.6432297973632812]
  - [-0.873405698900656, -0.3514634429140609, -0.33709929312125736, -0.39734210205078124]
  - [0.43768820652471085, -0.8700163561319418, -0.22693737887813964, 0.37331329345703124]
  - [0.0, 0.0, 0.0, 1.0]
  '5':
  - [-0.12364295713920176, 0.02102967910632486, 0.9921039117686001, 0.6836243286132813]
  - [-0.9878388372006797, 0.09236928258467605, -0.12506937016232705, -0.3049238891601562]
  - [-0.09427009530006031, -0.9955027213581473, 0.009353122507499423, 0.49761721801757813]
  - [0.0, 0.0, 0.0, 1.0]
  '6':
  - [-0.18735886631394033, -0.4381094630475799, 0.8791795912108723, 0.6813848876953125]
  - [-0.9755631989969458, 0.18756920503019142, -0.11443005762118519, -0.31352313232421875]
  - [-0.1147741259012709, -0.8791347403626497, -0.462546222891395, 0.2504318389892578]
  - [0.0, 0.0, 0.0, 1.0]
  '7':
  - [-0.5689573430845999, 0.013337449326070783, 0.8222588729807588, 0.6237031860351563]
  - [-0.8180198710925284, 0.09349354157080057, -0.5675407017847377, -0.2990690612792969]
  - [-0.08444543947352279, -0.9955305470602215, -0.042283538429276804, 0.4218688659667969]
  - [0.0, 0.0, 0.0, 1.0]
  '8':
  - [0.14954821773868499, -0.23716306274464338, 0.959890104251921, 0.6545116577148438]
  - [-0.8027005172880585, 0.5377275621074559, 0.25791655335680974, -0.2951789245605469]
  - [-0.5773276453771001, -0.8090752441025204, -0.10995471460460732, 0.3513589782714844]
  - [0.0, 0.0, 0.0, 1.0]
  '9':
  - [-0.32877751563284857, -0.191668822242413, 0.9247531604674288, 0.6278853149414062]
  - [-0.9414419981417197, -0.011019521392476347, -0.3369948579477245, -0.3053184814453125]
  - [0.07478174475912053, -0.9813977953554243, -0.17682210812648602, 0.39386209106445313]
  - [0.0, 0.0, 0.0, 1.0]
cam2marker:
  '1':
  - [-0.1844253042981152, 0.9827841186069095, 0.011076251558528356, 0.0068555546323296876]
  - [0.9821062310609707, 0.18471201075768828, -0.03672633922768964, -0.12229991291621788]
  - [-0.038139979624577075, 0.0041047893846070105, -0.999263975463113, 0.5081660519926813]
  - [0.0, 0.0, 0.0, 1.0]
  '2':
  - [-0.17288289717871175, 0.8637476903951143, 0.47334071365159447, -0.04659424503844014]
  - [0.9848498958693707, 0.1581816787332221, 0.07105799827767176, -0.14388686324350383]
  - [-0.013497646801751612, 0.4784542651604702, -0.8780087298430292, 0.5009925338536612]
  - [0.0, 0.0, 0.0, 1.0]
  '3':
  - [0.0980078162549134, 0.9641752391544038, -0.24649660475246216, -0.04380216698788446]
  - [0.9167380294595553, 0.008920178196750839, 0.3993893035166939, -0.17867399089032474]
  - [0.38728007087320504, -0.265116085182485, -0.8830218616104352, 0.448728351694553]
  - [0.0, 0.0, 0.0, 1.0]
  '4':
  - [-0.20969591140236366, 0.9031344993165102, 0.37466745373123667, -0.03983067207278708]
  - [0.8599959690589574, 0.3526821860970496, -0.3688118881112033, -0.05968738548234475]
  - [-0.4652252765526361, 0.2448741549329417, -0.8506480413792775, 0.55520094110262]
  - [0.0, 0.0, 0.0, 1.0]
  '5':
  - [-0.13883957173962214, 0.9902770722108225, -0.008654107274570291, -0.013681450226957458]
  - [0.9891883601378344, 0.13909304120167776, 0.04647057194709747, -0.1507522625689734]
  - [0.047222468031439604, -0.0021085878757587766, -0.9988821714147219, 0.3950411988010114]
  - [0.0, 0.0, 0.0, 1.0]
  '6':
  - [-0.19747267586591, 0.8688642771981193, 0.45395970095961913, -0.0023738735890960106]
  - [0.9766546344477506, 0.1344269752176559, 0.16755629903277944, -0.13415375870009777]
  - [0.08455925317839455, 0.4764496365229185, -0.8751259775364294, 0.5933538783936587]
  - [0.0, 0.0, 0.0, 1.0]
  '7':
  - [-0.5777354781486429, 0.8143215174628496, 0.05569724845412924, -0.005003547681757375]
  - [0.8162056889635491, 0.5768336897747521, 0.03272869756625845, -0.17203859239203242]
  - [-0.0054763666693582146, 0.06436894078550118, -0.9979111427728701, 0.4696856423608732]
  - [0.0, 0.0, 0.0, 1.0]
  '8':
  - [0.1244422504842051, 0.9588777220085211, 0.25508359518043433, -0.07492600706433059]
  - [0.8157465458362102, -0.2452240057117605, 0.523853758198765, -0.10002063974762222]
  - [0.5648643193287376, 0.1428940210730586, -0.8127174167512679, 0.4629741536713993]
  - [0.0, 0.0, 0.0, 1.0]
  '9':
  - [-0.3342809862702135, 0.916482027249958, 0.21981109149908884, -0.0402356236429723]
  - [0.9349792839970125, 0.35183081257468807, -0.045042400240987754, -0.15985606319214873]
  - [-0.11861686522011793, 0.19046199896788474, -0.9745020606620131, 0.49969505490739596]
  - [0.0, 0.0, 0.0, 1.0]
