base2end:
  '1':
  - [-0.12311457254001831, -0.17350818657285128, -0.9771068064548978, 0.13729344177246094]
  - [-0.40912258073032515, -0.8881598172573755, 0.20926264106596776, 0.2910118408203125]
  - [-0.9041357840307214, 0.425519738909426, 0.03835929918033889, 0.6126253662109375]
  - [0.0, 0.0, 0.0, 1.0]
  '10':
  - [0.34930667145770417, -0.11779750339623496, -0.9295744173915038, 0.17451937866210937]
  - [-0.5604450872582565, -0.821312799727749, -0.1065203697489453, 0.5147455444335938]
  - [-0.7509235336858374, 0.5581836912674722, -0.3529090723682156, 0.6148017578125]
  - [0.0, 0.0, 0.0, 1.0]
  '11':
  - [0.35118318620600714, 0.07114341508439762, -0.9336000129693265, 0.15251699829101562]
  - [-0.4836424049467196, -0.8400026865774893, -0.24593802202984782, 0.5038359680175781]
  - [-0.8017233898693181, 0.5378978537164186, -0.2605868475263479, 0.628227783203125]
  - [0.0, 0.0, 0.0, 1.0]
  '12':
  - [0.35145957039710185, 0.0694700038998505, -0.933622026804445, 0.1515753631591797]
  - [-0.405056960067779, -0.8877883580301281, -0.21854219374486705, 0.3575831604003906]
  - [-0.8440408932492162, 0.454978845556938, -0.28388240632124695, 0.6167598876953125]
  - [0.0, 0.0, 0.0, 1.0]
  '13':
  - [0.35205550969856486, 0.06794402665973677, -0.9335097896284456, 0.15065293884277345]
  - [-0.30048794685820074, -0.9363620218169535, -0.1814749511415012, 0.22892982482910157]
  - [-0.8864332529208429, 0.3443976964791258, -0.3092350477808831, 0.6012335815429688]
  - [0.0, 0.0, 0.0, 1.0]
  '14':
  - [0.35105076719319017, -0.07728108062001895, -0.9331618259612184, 0.1672844696044922]
  - [-0.4008074179286044, -0.9130737905945988, -0.07516426453186872, 0.2094541931152344]
  - [-0.8462368300815548, 0.400404654702482, -0.35151008507027004, 0.5934051513671875]
  - [0.0, 0.0, 0.0, 1.0]
  '15':
  - [-0.6210042259323552, -0.07766129733192563, -0.779950302436558, 0.16756248474121094]
  - [-0.293094285527918, -0.8998819780060463, 0.3229677467655319, 0.2324971923828125]
  - [-0.726945315113204, 0.4291633122211726, 0.5360684287274495, 0.5997929077148437]
  - [0.0, 0.0, 0.0, 1.0]
  '16':
  - [-0.5394776610783044, -0.09751748722866829, -0.836333780784974, 0.12501531219482423]
  - [-0.3907995726663297, -0.850805908522504, 0.3512904781331412, 0.3536182861328125]
  - [-0.7458146869037217, 0.5163522496395299, 0.42088098922486444, 0.6186927490234375]
  - [0.0, 0.0, 0.0, 1.0]
  '17':
  - [-0.24473629297237248, -0.35069835814113437, -0.9039440295169021, 0.035105335235595704]
  - [-0.2058127046466317, -0.8922597746731966, 0.4018875776957718, 0.3451288757324219]
  - [-0.947494209749157, 0.2843996415209578, 0.1461901720177225, 0.585968505859375]
  - [0.0, 0.0, 0.0, 1.0]
  '18':
  - [-0.2466492840439775, -0.17554565652556928, -0.9530728477695714, -0.0026822054386138917]
  - [-0.2936263007355885, -0.9236921626529232, 0.24612270145173476, 0.34776104736328123]
  - [-0.923551691134247, 0.3405532427221518, 0.17628318885957356, 0.579450927734375]
  - [0.0, 0.0, 0.0, 1.0]
  '19':
  - [-0.3272125394122899, -0.14947790105408199, -0.9330532198903914, 0.08281568145751952]
  - [-0.21555312680521604, -0.9495694708339105, 0.2277162040450833, 0.26514678955078125]
  - [-0.9200373924878571, 0.2756341364139675, 0.2784906089394601, 0.5755676879882813]
  - [0.0, 0.0, 0.0, 1.0]
  '2':
  - [-0.10157499027720278, -0.31522808782172806, -0.9435643984373525, 0.12479444885253907]
  - [-0.4395175440157041, -0.8366643386807217, 0.3268288740034364, 0.4073735656738281]
  - [-0.8924723244182924, 0.4479107467210487, -0.05356410289739609, 0.598828125]
  - [0.0, 0.0, 0.0, 1.0]
  '20':
  - [-0.20466380940666534, -0.1930900217951611, -0.959598337119389, -0.002021533727645874]
  - [-0.33389954010767076, -0.9077762412007024, 0.2538767280146219, 0.3474451599121094]
  - [-0.920121634478311, 0.3723688217274219, 0.12131627413621521, 0.6094694213867188]
  - [0.0, 0.0, 0.0, 1.0]
  '21':
  - [-0.2862368679594281, -0.298462648514746, -0.9104880575067091, 0.0643619384765625]
  - [-0.3559045265903902, -0.8491427436582359, 0.39024168004588383, 0.3406812744140625]
  - [-0.8896068926066432, 0.4357483773166882, 0.13683175177065426, 0.5870891723632813]
  - [0.0, 0.0, 0.0, 1.0]
  '22':
  - [-0.38133458242661017, -0.1351084136765856, -0.9145106083580001, 0.12457021331787109]
  - [-0.3142729298366391, -0.9113940589642544, 0.2656941754283603, 0.22662094116210937]
  - [-0.8693770538825014, 0.38872430569551225, 0.30508515588950597, 0.6486775512695313]
  - [0.0, 0.0, 0.0, 1.0]
  '23':
  - [0.10334794784264592, -0.253309680234871, -0.9618489525783254, 0.12695946502685546]
  - [-0.5853518629841642, -0.7973259160428138, 0.14708698143430904, 0.23079266357421874]
  - [-0.8041656534431711, 0.5478189386154844, -0.23067729042218718, 0.6189676513671875]
  - [0.0, 0.0, 0.0, 1.0]
  '24':
  - [0.10608092272257269, -0.3590299082605133, -0.92727793180296, 0.06089322280883789]
  - [-0.5396070342706976, -0.804069130522201, 0.24959383387186015, 0.3518157653808594]
  - [-0.8352072116546347, 0.47388855052186996, -0.2790314593094681, 0.6105664672851563]
  - [0.0, 0.0, 0.0, 1.0]
  '25':
  - [-0.1205196057428141, -0.2646785441078292, -0.9567759888921529, 0.05773476791381836]
  - [-0.2627967207336481, -0.9209097165954833, 0.2878596488771361, 0.394977783203125]
  - [-0.9572945775482268, 0.28613032374948844, 0.04143102252872051, 0.5973510131835937]
  - [0.0, 0.0, 0.0, 1.0]
  '26':
  - [-0.03223394773327654, -0.29803548624826426, -0.954010388596628, 0.0745891342163086]
  - [-0.43280877161951337, -0.8562085077740516, 0.28210558027898025, 0.3621876831054687]
  - [-0.9009092850130564, 0.42199744093073943, -0.10139339241376011, 0.4621673889160156]
  - [0.0, 0.0, 0.0, 1.0]
  '27':
  - [-0.1475626892094353, -0.12741592208409275, -0.9808111110467399, 0.08099685668945313]
  - [-0.26569167772829044, -0.9501095361260113, 0.1634007397423347, 0.3231949462890625]
  - [-0.952697845667348, 0.28470520220374684, 0.1063473680864636, 0.6530517578125]
  - [0.0, 0.0, 0.0, 1.0]
  '28':
  - [-0.054984416071994086, -0.15884725001147376, -0.985770898917702, 0.07775415802001953]
  - [-0.44578427852771646, -0.8795025665888199, 0.16658815198327195, 0.32808987426757813]
  - [-0.8934501054937233, 0.4486009212289591, -0.022452671684770303, 0.5570879516601562]
  - [0.0, 0.0, 0.0, 1.0]
  '29':
  - [-0.22320225004085414, -0.19452565662965116, -0.9551651817824512, 0.11033218383789062]
  - [-0.0867430461355061, -0.9720343504053274, 0.21823122045029825, 0.2838028564453125]
  - [-0.9709049384588758, 0.13156363686405248, 0.20008650611990364, 0.5356246948242187]
  - [0.0, 0.0, 0.0, 1.0]
  '3':
  - [-0.11737927215943222, -0.008285270562164715, -0.9930525971765212, 0.09213465881347656]
  - [-0.4834200907652991, -0.8730146235299971, 0.06442424192218052, 0.3990657043457031]
  - [-0.867483211544634, 0.48762364728803853, 0.09846855484731509, 0.598130615234375]
  - [0.0, 0.0, 0.0, 1.0]
  '30':
  - [-0.29112011406466987, -0.05384225219310061, -0.9551701895818085, 0.1615076904296875]
  - [-0.22202171895299827, -0.9673541751048479, 0.12219761135298512, 0.15364349365234375]
  - [-0.9305672654355135, 0.24764270993912563, 0.2696621084132449, 0.5372222900390625]
  - [0.0, 0.0, 0.0, 1.0]
  '4':
  - [-0.16611204710192218, 0.011203349670001972, -0.9860432408184646, 0.1336351318359375]
  - [-0.2796323553435714, -0.9594242067547352, 0.03620686865849937, 0.22428854370117188]
  - [-0.9456281159380867, 0.2817439909726894, 0.16250473807912713, 0.5688428955078125]
  - [0.0, 0.0, 0.0, 1.0]
  '5':
  - [-0.27388913293915385, -0.06598894187461168, -0.959494764137933, 0.17487480163574218]
  - [-0.3143818268794295, -0.9366953881542303, 0.1541616578094182, 0.17281045532226563]
  - [-0.9089272852026122, 0.3438709196208148, 0.23580496358928535, 0.556411376953125]
  - [0.0, 0.0, 0.0, 1.0]
  '6':
  - [-0.30407677638531583, -0.05731012506332542, -0.9509221122827785, 0.18052462768554686]
  - [-0.5367157502681769, -0.8143859863594487, 0.22070720114082465, 0.2067393035888672]
  - [-0.7870663996621778, 0.5774868091883782, 0.21687661869423114, 0.6556903686523438]
  - [0.0, 0.0, 0.0, 1.0]
  '7':
  - [-0.31204537067862376, -0.049629924045845764, -0.9487700233867234, 0.19668525695800781]
  - [-0.6033396754074135, -0.7610650005133213, 0.2382463033772718, 0.331723876953125]
  - [-0.7338998042766581, 0.6467742539966025, 0.20754310793139114, 0.6659937133789062]
  - [0.0, 0.0, 0.0, 1.0]
  '8':
  - [-0.23318649930130605, -0.1452805670525476, -0.9615183895175861, 0.17715109252929687]
  - [-0.5212828808886878, -0.8160297701651965, 0.24971898665605408, 0.41781072998046875]
  - [-0.8209069463928249, 0.5594541724225736, 0.11455485290017733, 0.6482544555664063]
  - [0.0, 0.0, 0.0, 1.0]
  '9':
  - [-0.23325538908115562, -0.1177975351790895, -0.9652541966603048, 0.1745111083984375]
  - [-0.5168519720951945, -0.8257931278157004, 0.22567620387110177, 0.5161983032226563]
  - [-0.8236843827619336, 0.5515337258573532, 0.13173680896393014, 0.620408203125]
  - [0.0, 0.0, 0.0, 1.0]
cam2marker:
  '1':
  - [0.8760114866750959, 0.11411759245863219, 0.468594761286055, -0.14867713638366217]
  - [0.08964139289638547, -0.9931991542099733, 0.07429576539877336, 0.13976634814835834]
  - [0.47388637445371345, -0.023078456795012366, -0.8802835275858998, 0.4627765541520717]
  - [0.0, 0.0, 0.0, 1.0]
  '10':
  - [0.7841676791466963, -0.20517874663163865, 0.5856472768760679, 0.08146603546432636]
  - [0.06333612665424311, -0.9123650984012112, -0.40444834315371586, 0.14406065390039752]
  - [0.6173083395209573, 0.3542479486885112, -0.7024519946643046, 0.46784173957516983]
  - [0.0, 0.0, 0.0, 1.0]
  '11':
  - [0.7939017621580221, -0.3395478614395545, 0.5044078130186046, 0.0891132495710122]
  - [-0.12867138635955697, -0.904584499006875, -0.4064118089927883, 0.05355961865181877]
  - [0.5942757494418699, 0.25774819872950816, -0.7618413218492404, 0.462452120367345]
  - [0.0, 0.0, 0.0, 1.0]
  '12':
  - [0.8399715085475917, -0.31697662055673453, 0.440424439431687, -0.04124216905505599]
  - [-0.13143609458757355, -0.9063269135965052, -0.4016168307357144, 0.05578719617362211]
  - [0.5264716686279046, 0.2794590268913585, -0.8029509539324833, 0.4440024867333321]
  - [0.0, 0.0, 0.0, 1.0]
  '13':
  - [0.8925875190762431, -0.2841027658760893, 0.35010446899585984, -0.15526151990946327]
  - [-0.13169447781357752, -0.9069190302468252, -0.4001929998008052, 0.05694886262505846]
  - [0.43121234363446287, 0.31110045161927063, -0.8469193726084908, 0.4134542009285878]
  - [0.0, 0.0, 0.0, 1.0]
  '14':
  - [0.8797569360024733, -0.17612967410986893, 0.4415949178302335, -0.19320082139059638]
  - [0.012737253781485686, -0.9197795784000526, -0.39222861895115135, 0.1289123935322022]
  - [0.4752530861779283, 0.3506905545579647, -0.8069390553332896, 0.4358350795532503]
  - [0.0, 0.0, 0.0, 1.0]
  '15':
  - [0.9025347428775721, 0.2425344493343331, 0.35582029001310034, -0.21673913042349865]
  - [-0.008830250337277398, -0.8157057216444724, 0.5783996908327766, 0.12028520303741487]
  - [0.4305264969521575, -0.5251677984821255, -0.7340611138451223, 0.5279558262212467]
  - [0.0, 0.0, 0.0, 1.0]
  '16':
  - [0.8510206793931399, 0.2695948272488558, 0.45064668240862304, -0.11640083515182872]
  - [0.013925327683215527, -0.8694424351436523, 0.4938379665643288, 0.08794800087000292]
  - [0.5249475102275978, -0.41399091909380775, -0.743667688160317, 0.5319509578556296]
  - [0.0, 0.0, 0.0, 1.0]
  '17':
  - [0.9120432753589895, 0.31158005352380036, 0.2666363330803825, -0.11333341614216434]
  - [0.26352872550449447, -0.9434621058280801, 0.2010767656901748, 0.09423682439666149]
  - [0.31421278571443234, -0.11312437894879397, -0.9425885635742808, 0.4509624723260803]
  - [0.0, 0.0, 0.0, 1.0]
  '18':
  - [0.9211072286448222, 0.15411028678641342, 0.3575073325749621, -0.08591258544669139]
  - [0.08021054491710251, -0.973735218210995, 0.21308682103707768, -0.00198770497157904]
  - [0.3809563515973406, -0.16759995322850033, -0.90927581836066, 0.481511890758345]
  - [0.0, 0.0, 0.0, 1.0]
  '19':
  - [0.9500588126543446, 0.1354625189877114, 0.2811372590876572, -0.15592042431002873]
  - [0.05505739488105021, -0.9595026588008332, 0.27626677509799114, 0.07310296771427346]
  - [0.30717574084997123, -0.24699099923607712, -0.9190421701584947, 0.47126684232897054]
  - [0.0, 0.0, 0.0, 1.0]
  '2':
  - [0.839238875909093, 0.23087953331168654, 0.49231367060099057, -0.061845753700119785]
  - [0.23890742072310506, -0.9698759817306456, 0.047579663570160496, 0.17351988046570588]
  - [0.4884683751137591, 0.0776866858592527, -0.8691164624801039, 0.4738346350501693]
  - [0.0, 0.0, 0.0, 1.0]
  '20':
  - [0.904886265342713, 0.16120486647779972, 0.393946491059372, -0.0924285783959572]
  - [0.10166458517803387, -0.9805759459149372, 0.16773528672764246, 0.004821961009640831]
  - [0.4133341976109591, -0.11173095057727243, -0.9036985314630116, 0.45860953538854327]
  - [0.0, 0.0, 0.0, 1.0]
  '21':
  - [0.8572743485572182, 0.3014640733909831, 0.4173728593959036, -0.1325860693108539]
  - [0.21378210816365334, -0.945891372841168, 0.24410391437614123, 0.1074221317851366]
  - [0.46837794731915033, -0.12003717440512515, -0.875336035603432, 0.5037816408739317]
  - [0.0, 0.0, 0.0, 1.0]
  '22':
  - [0.9078454347736312, 0.1772579805568541, 0.3799950985073119, -0.21132351289145823]
  - [0.044494657765065435, -0.9418584861904475, 0.33305077303829844, 0.10795842982596233]
  - [0.41693751569155474, -0.28545087199016295, -0.8629489600718052, 0.43924087173739085]
  - [0.0, 0.0, 0.0, 1.0]
  '23':
  - [0.7749108176514603, 0.05823887167150341, 0.629381806627087, -0.23588015977023236]
  - [0.1829592165347414, -0.9737857618869716, -0.1351562615316207, 0.1588705481073437]
  - [0.6050116939132163, 0.2198852513758947, -0.7652524592940688, 0.471517515359291]
  - [0.0, 0.0, 0.0, 1.0]
  '24':
  - [0.7952250965327303, 0.15376491451568802, 0.586492452558848, -0.12224355809722058]
  - [0.29069340913473796, -0.9455740280654735, -0.14624328816618845, 0.12449255619897086]
  - [0.5320849440927014, 0.2867858234153462, -0.796642644953086, 0.45214585412040703]
  - [0.0, 0.0, 0.0, 1.0]
  '25':
  - [0.9310937831227349, 0.19169411264830286, 0.3103509855086216, -0.04130310040656016]
  - [0.17632508755898205, -0.9813059736602763, 0.0771235992156386, 0.0877666073040038]
  - [0.3193334159268494, -0.017086639067906494, -0.9474883726135391, 0.4313199607019519]
  - [0.0, 0.0, 0.0, 1.0]
  '26':
  - [0.8531554229577242, 0.18616048031266727, 0.4873090393657638, -0.0978533530870252]
  - [0.22001864640529686, -0.9754146505205555, -0.012571984085399966, 0.1231566838104804]
  - [0.47298796973264284, 0.11794293162211805, -0.8731390756165784, 0.599567395725686]
  - [0.0, 0.0, 0.0, 1.0]
  '27':
  - [0.9444215512580988, 0.06710212926188165, 0.3218155337577238, -0.09022389902913133]
  - [0.035164886528416484, -0.9939499617964053, 0.10405241083400296, 0.06256532480056053]
  - [0.32685067580577304, -0.0869527325243219, -0.941067403553998, 0.3819501876489065]
  - [0.0, 0.0, 0.0, 1.0]
  '28':
  - [0.8627342120577784, 0.07021913180126987, 0.5007583777373269, -0.11226024504510743]
  - [0.07775076745791953, -0.9969556910197515, 0.005845365945293562, 0.07630494289588102]
  - [0.4996443710327857, 0.033891350997057736, -0.8655673739362211, 0.5236246212107716]
  - [0.0, 0.0, 0.0, 1.0]
  '29':
  - [0.9806853586539269, 0.1237168018686938, 0.1514938291060079, -0.1267992524056375]
  - [0.0973934627626985, -0.9805664744713402, 0.17030532156670083, 0.11785023909465914]
  - [0.16961939963609357, -0.15226142675749785, -0.973676392436862, 0.4492810485789167]
  - [0.0, 0.0, 0.0, 1.0]
  '3':
  - [0.8466435742587439, -0.02735122898450385, 0.5314570240757146, -0.034740247076787335]
  - [-0.07603844019676809, -0.9946486297155949, 0.0699446854116307, 0.03430667676169824]
  - [0.5266999276426949, -0.09962938159964006, -0.8441926157834201, 0.5112538037223301]
  - [0.0, 0.0, 0.0, 1.0]
  '30':
  - [0.955023911842968, 0.03148769839267708, 0.2948522556435468, -0.249749745301617]
  - [-0.042762725561813056, -0.9693274691155671, 0.24202398005266815, 0.12175059530118033]
  - [0.2934291688136691, -0.24374737427907003, -0.9243844116066531, 0.4940329133607221]
  - [0.0, 0.0, 0.0, 1.0]
  '4':
  - [0.935452673926517, -0.06082856254088814, 0.34817837500760734, -0.1735454110422978]
  - [-0.10263514614958702, -0.9893824252774902, 0.10290016193808668, 0.06988575934776892]
  - [0.33822229615828364, -0.13199357003748632, -0.9317635836681843, 0.4660800483307117]
  - [0.0, 0.0, 0.0, 1.0]
  '5':
  - [0.921934117563405, 0.06327924259907756, 0.3821429318051987, -0.2444692022315733]
  - [-0.0271972764388599, -0.9735554819008577, 0.22682599457535052, 0.14015159248045417]
  - [0.3863907232671275, -0.21951187010472983, -0.8958329910514741, 0.5055778800476786]
  - [0.0, 0.0, 0.0, 1.0]
  '6':
  - [0.7971324327697484, 0.13647725554737952, 0.588178411151615, -0.2618810911541113]
  - [-0.025676535401621813, -0.9655775675473776, 0.25884488903406755, 0.14100845117100935]
  - [0.6032583195914932, -0.22143603990214591, -0.7661889323633585, 0.49005464230750007]
  - [0.0, 0.0, 0.0, 1.0]
  '7':
  - [0.7433638149722691, 0.15445598108362685, 0.650809948062696, -0.1582553473756215]
  - [-0.027955717115407522, -0.9649496658655067, 0.26094179471025797, 0.1523372047687794]
  - [0.6683028628327415, -0.21216854680546174, -0.7129907371600424, 0.5094261655184762]
  - [0.0, 0.0, 0.0, 1.0]
  '8':
  - [0.8056876644507345, 0.1592811442740409, 0.5705233601095342, -0.05202022902431924]
  - [0.06639334622245406, -0.9813818803915396, 0.18022632553695156, 0.16602781369932124]
  - [0.5886079433114256, -0.10732717231865407, -0.8012624833054244, 0.4849071402996695]
  - [0.0, 0.0, 0.0, 1.0]
  '9':
  - [0.8185646974082453, 0.13561399552728073, 0.5581762090720762, 0.05132942694766357]
  - [0.03779965624974219, -0.9823420125483112, 0.18323579445603666, 0.15218227892047712]
  - [0.5731692787862489, -0.12889148381355642, -0.8092366546666006, 0.5109665673315106]
  - [0.0, 0.0, 0.0, 1.0]
