base2end:
  '1':
  - [0.4016276726114775, -0.7953107910210346, 0.4540660285445106, 0.2545910339355469]
  - [0.29586416907292024, -0.3565443156753824, -0.8861944168287025, 0.045142219543457034]
  - [0.866694644065301, 0.49026206935175975, 0.09210590265260948, 0.578632080078125]
  - [0.0, 0.0, 0.0, 1.0]
  '2':
  - [0.42249304623315315, -0.7822642598586133, 0.45777969989121076, 0.2584140930175781]
  - [0.3851531778382481, -0.30224835604872724, -0.8719535313690409, 0.0620242919921875]
  - [0.820461245572105, 0.5447096098048007, 0.17359373692784047, 0.5029449462890625]
  - [0.0, 0.0, 0.0, 1.0]
  '3':
  - [0.4231913237556859, -0.7961689989432023, 0.43246274824508313, 0.28124786376953126]
  - [0.3456380755931733, -0.2993518832393222, -0.8893383893104579, 0.13594590759277345]
  - [0.8375221932570853, 0.5258358823082075, 0.14850320090486524, 0.5927869262695312]
  - [0.0, 0.0, 0.0, 1.0]
  '4':
  - [0.400628541090338, -0.8094807194937279, 0.42922923576073396, 0.2790223693847656]
  - [0.25980454596154234, -0.34887646683720336, -0.9004370098929222, 0.12695570373535156]
  - [0.8786343778623416, 0.47225647232738505, 0.07053690086295011, 0.665765380859375]
  - [0.0, 0.0, 0.0, 1.0]
  '5':
  - [0.5832438306287705, -0.7751198815437045, 0.24293168436651524, 0.29298446655273436]
  - [0.11203610660397512, -0.21944706573125283, -0.9691702101070618, 0.1809615478515625]
  - [0.8045337437612554, 0.5924796659613032, -0.041149733557848345, 0.5462273559570312]
  - [0.0, 0.0, 0.0, 1.0]
  '6':
  - [0.6224630306197076, -0.7826471320225272, -0.0018006245144491784, 0.3079180908203125]
  - [-0.3151141985502693, -0.24851260366836916, -0.9159391506481147, 0.23830094909667968]
  - [0.7164096714755814, 0.570705661926427, -0.40131313218155273, 0.5528998413085937]
  - [0.0, 0.0, 0.0, 1.0]
  '7':
  - [0.6732120720547154, -0.6153344460371784, 0.4100597829096577, 0.2897977905273437]
  - [0.15033250707777476, -0.429072613056339, -0.8906721226358869, 0.1595213623046875]
  - [0.724006659745273, 0.6612565404176538, -0.19635209293350642, 0.62802880859375]
  - [0.0, 0.0, 0.0, 1.0]
  '8':
  - [0.5847745194266027, -0.752603671588449, 0.3026986536821264, 0.3048602600097656]
  - [0.09158007289430964, -0.3095157874022836, -0.9464740184481649, 0.1435133056640625]
  - [0.8060098334871968, 0.5811950540570098, -0.1120734467285216, 0.6494181518554687]
  - [0.0, 0.0, 0.0, 1.0]
  '9':
  - [0.6338708576004042, -0.7129939333170352, 0.2997455369776695, 0.30460186767578123]
  - [0.20537422297338026, -0.21847639374440114, -0.953986107820508, 0.1433441162109375]
  - [0.7456736313046134, 0.6662639990495846, 0.007944755971513062, 0.5348565063476562]
  - [0.0, 0.0, 0.0, 1.0]
cam2marker:
  '1':
  - [-0.8145344463381262, 0.4222620331758291, 0.3977793497240112, 0.049116440040123645]
  - [0.336926266318181, 0.9025357911343227, -0.26816009544007813, 0.017238022191960783]
  - [-0.47224392721720876, -0.08440332374827803, -0.8774176611777945, 0.6025520011493012]
  - [0.0, 0.0, 0.0, 1.0]
  '2':
  - [-0.8101967561492602, 0.4280075245106127, 0.4004881712204662, 0.04488035433120005]
  - [0.287428397819308, 0.8855559575720346, -0.36493227061429034, 0.030160317305882985]
  - [-0.5108484437210725, -0.1805552684663987, -0.8404960812382083, 0.7205887922837628]
  - [0.0, 0.0, 0.0, 1.0]
  '3':
  - [-0.8020993717109102, 0.4096891093118459, 0.4345013597357661, 0.07654245132560886]
  - [0.27922861607038585, 0.9004310732945829, -0.33354948990064964, -0.040044252374736855]
  - [-0.5278901191236489, -0.14621462292408688, -0.8366321211708208, 0.6125338492335378]
  - [0.0, 0.0, 0.0, 1.0]
  '4':
  - [-0.8321427737957752, 0.39934276373115263, 0.3847905418211812, 0.08492060255599207]
  - [0.3277787053614202, 0.9138714856666006, -0.2395830294430576, -0.056920516496937856]
  - [-0.44732485324545146, -0.07324114104167471, -0.891367607066719, 0.5068087076535868]
  - [0.0, 0.0, 0.0, 1.0]
  '5':
  - [-0.790202437661003, 0.21336604470236228, 0.5745041675067972, 0.09464747069984841]
  - [0.19834152538417868, 0.976021837633991, -0.08967726450915031, -0.047473540848640715]
  - [-0.5798626965264155, 0.043084839904964756, -0.8135741820802069, 0.6858437283983241]
  - [0.0, 0.0, 0.0, 1.0]
  '6':
  - [-0.7729281249345219, -0.03568525784915298, 0.6334892864582979, 0.1353138225728012]
  - [0.22717495477670063, 0.9166633603183014, 0.32881579002864786, -0.11333772686941329]
  - [-0.5924302943025517, 0.3980638720383945, -0.7004080954489265, 0.6276175750715344]
  - [0.0, 0.0, 0.0, 1.0]
  '7':
  - [-0.6447376654189747, 0.3812893768757204, 0.662519247925534, -0.012111219831155387]
  - [0.4053002461972075, 0.9053707179179904, -0.12663164521218684, -0.13712320106056644]
  - [-0.64810882822453, 0.18687502299233844, -0.7382632813292557, 0.6273891617722088]
  - [0.0, 0.0, 0.0, 1.0]
  '8':
  - [-0.7653022074376354, 0.26820084017610185, 0.5851331819508405, 0.08968427868745597]
  - [0.28162384560473314, 0.9569471691838604, -0.07028602263463979, -0.05450488072377222]
  - [-0.5787923123866485, 0.1109974086176283, -0.8078855329824192, 0.5709757005219281]
  - [0.0, 0.0, 0.0, 1.0]
  '9':
  - [-0.7326887694970666, 0.26742480486958115, 0.6258203742235792, 0.06586073577713092]
  - [0.19330433424836657, 0.963464125975076, -0.185392320013204, -0.008426518492784838]
  - [-0.6525339848725659, -0.014861080026328216, -0.7576137187820591, 0.7459399072798704]
  - [0.0, 0.0, 0.0, 1.0]
