base2end:
  '1':
  - [-0.9936792424581533, 0.01898540058488061, -0.1106395845636742, 0.1761754913330078]
  - [0.11195008016873728, 0.09480227765325201, -0.9891813320630192, -0.8616123657226562]
  - [-0.008291119225056327, -0.9953150670598669, -0.09632847255930387, 0.3420980224609375]
  - [0.0, 0.0, 0.0, 1.0]
  '2':
  - [-0.9707831630833346, 0.18831238357756053, -0.14872288480679002, 0.1796841278076172]
  - [0.07782123984283008, -0.3392127403911159, -0.9374852379561368, -0.9177586669921876]
  - [-0.2269887770424801, -0.9216686839356577, 0.3146473139072891, 0.36813241577148437]
  - [0.0, 0.0, 0.0, 1.0]
  '3':
  - [-0.9681354734408378, 0.250369171483365, -0.005383589529132704, 0.31438394165039063]
  - [-0.079052171357501, -0.325938624950339, -0.9420800215316883, -0.868880859375]
  - [-0.23762251423034203, -0.9116355032227604, 0.33534497162569055, 0.36217507934570314]
  - [0.0, 0.0, 0.0, 1.0]
  '4':
  - [-0.8076587758180208, 0.5896156941484911, 0.0063745633520700395, 0.26145028686523436]
  - [-0.2538758074204995, -0.3379624034980538, -0.9062717518649738, -0.8435792236328125]
  - [-0.5321976853113193, -0.7335766810876775, 0.4226474615015005, 0.35555941772460936]
  - [0.0, 0.0, 0.0, 1.0]
  '5':
  - [-0.9498669967671532, 0.26242934247470484, 0.1699515479801327, 0.3171114196777344]
  - [-0.11321146879130048, 0.21799610522901178, -0.969361058346733, -0.7449764404296875]
  - [-0.29143756069982757, -0.9400045416450263, -0.17735729446532114, 0.3630566711425781]
  - [0.0, 0.0, 0.0, 1.0]
  '6':
  - [-0.9494100142629266, 0.3129233587081626, -0.0264498845379752, 0.1301419677734375]
  - [0.072221380640979, 0.13559814474931917, -0.9881281370950095, -0.7294323120117188]
  - [-0.3056218202216269, -0.940048995912099, -0.1513379935411934, 0.3234429931640625]
  - [0.0, 0.0, 0.0, 1.0]
  '7':
  - [-0.9641422729850385, -0.17735553075327684, -0.197420093086968, 0.084310302734375]
  - [0.18337136632757486, 0.09255123310647924, -0.9786772763590808, -0.7628640747070312]
  - [0.19184530084003099, -0.9797853259575251, -0.056710630254868485, 0.32345458984375]
  - [0.0, 0.0, 0.0, 1.0]
  '8':
  - [-0.9736604432971782, -0.15129121871318452, -0.1705764001807469, 0.14799722290039063]
  - [0.17230723583335145, 0.0016930582413237135, -0.9850418011603679, -0.8902650146484375]
  - [0.14931697036108374, -0.9884877847976026, 0.024420107864552627, 0.36017822265625]
  - [0.0, 0.0, 0.0, 1.0]
  '9':
  - [-0.7756242562190129, -0.6185780579819516, -0.12557149098414142, 0.15476287841796876]
  - [0.28119958434068837, -0.16052709361019002, -0.9461278169379068, -0.8947905883789062]
  - [0.5650962811161715, -0.7691503353703635, 0.2984526003711985, 0.356287353515625]
  - [0.0, 0.0, 0.0, 1.0]
cam2marker:
  '1':
  - [0.002002810762876228, 0.9933782660926687, 0.11487214285357006, -0.07893574543634971]
  - [0.9985313898098258, 0.004232475378914025, -0.05401064447518154, -0.08160494675720387]
  - [-0.054139193875654246, 0.11481161355407295, -0.9919109038011451, 0.5347541203058024]
  - [0.0, 0.0, 0.0, 1.0]
  '2':
  - [0.03630709482351513, 0.9425757933772916, -0.3320130548708074, -0.025993991170295064]
  - [0.9797284472959169, 0.03192438614428761, 0.19777007642320965, -0.09143031740737849]
  - [0.1970125996595346, -0.3324630916485015, -0.9223092367893276, 0.5158355983863554]
  - [0.0, 0.0, 0.0, 1.0]
  '3':
  - [0.18790368312095607, 0.9286955158837118, -0.31971369167907865, -0.10637009502109408]
  - [0.963106263720116, -0.11036740124715816, 0.24544930540750481, -0.20301442798337388]
  - [0.19266170001496657, -0.3540390875587533, -0.9151709096272174, 0.5294273889244627]
  - [0.0, 0.0, 0.0, 1.0]
  '4':
  - [0.3436836166542472, 0.8995132691048633, -0.2697358899882215, -0.14115140176557148]
  - [0.7931607699364633, -0.1242672076091429, 0.5961993409479942, -0.12507460519999203]
  - [0.5027698923734921, -0.41884787192644035, -0.756167240433913, 0.5047261933713985]
  - [0.0, 0.0, 0.0, 1.0]
  '5':
  - [0.22237134606247155, 0.943550808691224, 0.24548494020713688, -0.2316635963473176]
  - [0.9429245828109979, -0.2721514666827828, 0.19190312741879853, -0.17533712204152563]
  - [0.24787943759228995, 0.1888000280734811, -0.9502159406252785, 0.47409418427381333]
  - [0.0, 0.0, 0.0, 1.0]
  '6':
  - [0.0362817969885455, 0.9805264081977713, 0.19300672017849613, -0.20604036781984067]
  - [0.9648473255376965, -0.0846747613839498, 0.2487967507571719, -0.007666895016022691]
  - [0.2602945823678188, 0.17719522457264308, -0.9491304350712885, 0.5050761353067145]
  - [0.0, 0.0, 0.0, 1.0]
  '7':
  - [-0.060403602140030044, 0.9585688341515999, 0.2783831802421828, -0.15241398668388703]
  - [0.9667565547322483, 0.12560198372582465, -0.22272383250647207, 0.012264332532693345]
  - [-0.24846160413782703, 0.25567544246051555, -0.9342895158310819, 0.55232371409916]
  - [0.0, 0.0, 0.0, 1.0]
  '8':
  - [-0.05725563930820976, 0.9983582039987782, -0.0016395962130164587, -0.04089075559542988]
  - [0.9835952506821442, 0.05612743988663749, -0.17143539111659933, -0.06035760348912206]
  - [-0.17106190283911182, -0.011428341966593272, -0.9851940003861964, 0.5398956529636397]
  - [0.0, 0.0, 0.0, 1.0]
  '9':
  - [-0.18970635620336473, 0.9554728781628566, -0.22601565766828813, -0.01786429337353846]
  - [0.7818653324642278, 0.007773022384781392, -0.6233988947805473, -0.04049770357389769]
  - [-0.5938839114731467, -0.29497654011495955, -0.7485257112986589, 0.6220991045411135]
  - [0.0, 0.0, 0.0, 1.0]
