base2end:
  '1':
  - [0.5537541125969885, -0.028602943727676355, 0.8321888333737922, 0.6338050537109375]
  - [-0.8326036946948716, -0.0325709134732311, 0.5529106828195386, 0.3286766662597656]
  - [0.011290277338088517, -0.9990600618609627, -0.04185119391365516, 0.43469589233398437]
  - [0.0, 0.0, 0.0, 1.0]
  '2':
  - [0.49022608813404756, -0.4233944613212085, 0.7618500591555485, 0.6464320068359375]
  - [-0.6809929067168267, 0.3594862680546784, 0.6379798461405246, 0.33991094970703123]
  - [-0.543991767873519, -0.8315688505485541, -0.1120990779765822, 0.4142289123535156]
  - [0.0, 0.0, 0.0, 1.0]
  '3':
  - [0.4743150552506462, -0.6320830714597242, 0.6127774629803365, 0.6345225830078125]
  - [-0.8638603247350961, -0.20006100005566094, 0.4622996167046902, 0.3655225219726562]
  - [-0.16961888960593693, -0.7486298064001795, -0.6409234316656546, 0.47173434448242185]
  - [0.0, 0.0, 0.0, 1.0]
  '4':
  - [0.638056482390397, 0.09741651499819215, 0.7638022963340714, 0.6763269653320313]
  - [-0.7346801150065625, 0.37396887569234666, 0.5660321621845765, 0.3863474731445313]
  - [-0.23049740539437225, -0.9223108492363135, 0.3101832417901606, 0.5058318786621093]
  - [0.0, 0.0, 0.0, 1.0]
  '5':
  - [0.45109766934339834, -0.12454661755585766, 0.8837414965748462, 0.6900936889648438]
  - [-0.8421173158544373, -0.3873160988969079, 0.37526612673328036, 0.24696171569824218]
  - [0.29554918211876663, -0.9134956921577, -0.2796002527864604, 0.4927922668457031]
  - [0.0, 0.0, 0.0, 1.0]
  '6':
  - [0.4454514090287319, -0.32452595187562355, 0.8344195280274415, 0.6680722045898437]
  - [-0.8952361194777068, -0.17310626489294087, 0.4105928779671081, 0.24445924377441405]
  - [0.011195203294933509, -0.9299016763153166, -0.3676377834352035, 0.2533772583007812]
  - [0.0, 0.0, 0.0, 1.0]
  '7':
  - [-0.2905960420083779, 0.06918385566076302, 0.9543414140049545, 0.5975326538085938]
  - [-0.9042441285487655, 0.3062833023423149, -0.29754511370777054, 0.3423549499511719]
  - [-0.31288415804279557, -0.9494230526073175, -0.026445620122321822, 0.41938467407226565]
  - [0.0, 0.0, 0.0, 1.0]
  '8':
  - [-0.39853062688823465, -0.17577754671739737, 0.9001530944800913, 0.6432630615234375]
  - [-0.892999891300283, -0.1493968371180155, -0.4245371352388575, 0.31858380126953123]
  - [0.20910412136003814, -0.973027666168412, -0.09743011495990417, 0.3484374084472656]
  - [0.0, 0.0, 0.0, 1.0]
  '9':
  - [-0.4089949505792596, 0.005408348127849016, 0.9125206190389328, 0.6369703369140625]
  - [-0.9125365943670081, -0.00276058233711321, -0.40898574929479237, 0.32251443481445313]
  - [0.00030715099165506965, -0.9999815643079066, 0.006064379818276094, 0.539786865234375]
  - [0.0, 0.0, 0.0, 1.0]
cam2marker:
  '1':
  - [0.5433086989786249, 0.8387164828523778, 0.03701782011263509, -0.1257628631446982]
  - [0.8387355466288663, -0.5441861143825893, 0.0195998911822564, -0.037568207769849475]
  - [0.03658333548667997, 0.020399370208825693, -0.9991223775192668, 0.44571509580713414]
  - [0.0, 0.0, 0.0, 1.0]
  '2':
  - [0.47730724809236347, 0.7690323278592063, 0.42516710788341167, -0.0976737815450832]
  - [0.6693763095858866, -0.6316628588899369, 0.39107210187402874, -0.019958152861829222]
  - [0.569309359736579, 0.09793524088111344, -0.8162692824735502, 0.3944285433917705]
  - [0.0, 0.0, 0.0, 1.0]
  '3':
  - [0.46425383153824185, 0.6159502300077322, 0.6364539999524577, -0.09364808539495866]
  - [0.8632308710709022, -0.47550746753527606, -0.16948484164774022, -0.08269274482601795]
  - [0.19824440252434014, 0.6280907278981357, -0.7524634173141956, 0.3360683106265892]
  - [0.0, 0.0, 0.0, 1.0]
  '4':
  - [0.6246833191377595, 0.7777350770287488, -0.06999214777472126, -0.08758364195633656]
  - [0.7279224119668624, -0.5475305366044003, 0.4127217872151202, -0.07682388253461069]
  - [0.28266537274200676, -0.3087692689449256, -0.9081639860773155, 0.36999126157177525]
  - [0.0, 0.0, 0.0, 1.0]
  '5':
  - [0.455082329490306, 0.8671111630176482, 0.20252976165457187, -0.06126819343767603]
  - [0.849108733651557, -0.3540825595848498, -0.391969258277343, 0.023849475780778947]
  - [-0.2681686630132715, 0.35034807259070594, -0.8974083776128078, 0.3896716316005009]
  - [0.0, 0.0, 0.0, 1.0]
  '6':
  - [0.4342355545547868, 0.8360479694299916, 0.335355447208607, -0.07860675859822988]
  - [0.900676302649297, -0.4091200930132942, -0.14629746183302522, 0.018645533377509294]
  - [0.014888955856237784, 0.36557426373417107, -0.930663084412791, 0.5969796915183794]
  - [0.0, 0.0, 0.0, 1.0]
  '7':
  - [-0.30371346918346565, 0.9503328600317562, -0.06801164444715593, -0.06765297514852436]
  - [0.884579665157593, 0.30777759845742414, 0.35041656050686487, -0.13065387916951507]
  - [0.35394483274406574, 0.046264511578995304, -0.9341213252796086, 0.41737308960210073]
  - [0.0, 0.0, 0.0, 1.0]
  '8':
  - [-0.4110837310220504, 0.8975086752952586, 0.15965069326107068, -0.004253281288136763]
  - [0.8971219502588081, 0.42938976625752623, -0.10390685731528447, -0.12315054456651205]
  - [-0.16180967972535765, 0.10051172271459953, -0.9816898803309122, 0.5491197817133144]
  - [0.0, 0.0, 0.0, 1.0]
  '9':
  - [-0.4211470472120675, 0.9069161337581666, 0.01175971741564233, -0.009745412585083317]
  - [0.9069877207471757, 0.421067959252311, 0.008663030932496874, -0.12161714611407247]
  - [0.0029050023063390915, 0.014314329192572167, -0.9998933247808822, 0.348377664376613]
  - [0.0, 0.0, 0.0, 1.0]
