base2end:
  '1':
  - [0.5318850177141534, -0.779084360925772, 0.3318522057966415, 0.3624450378417969]
  - [-0.02476230570075688, -0.4060236300828144, -0.9135270330049114, 0.014363382339477539]
  - [0.8464544619455894, 0.47767391636476847, -0.23524981079088533, 0.6461068725585938]
  - [0.0, 0.0, 0.0, 1.0]
  '10':
  - [0.30784739885738116, -0.7708859271132134, 0.5576422387118339, 0.43171282958984375]
  - [0.25662711236447544, -0.497105830713051, -0.8288717140007604, -0.0017661584615707398]
  - [0.9161727480209262, 0.3982721185946727, 0.04479749249562509, 0.64934716796875]
  - [0.0, 0.0, 0.0, 1.0]
  '2':
  - [0.7484091074536903, -0.6051524124110779, 0.27143022240241427, 0.33261932373046876]
  - [0.09059663945468338, -0.3121367092205853, -0.9457076311823134, -0.0018643813133239746]
  - [0.6570205908492439, 0.7323668701613946, -0.17878118102897184, 0.6083418579101563]
  - [0.0, 0.0, 0.0, 1.0]
  '3':
  - [0.5898593990620962, -0.7578565159020858, 0.27878197689745754, 0.2950218811035156]
  - [0.006844498330213444, -0.340533586029057, -0.9402074396795628, -0.02800002861022949]
  - [0.8074769607739349, 0.5564983181384671, -0.19567978875792696, 0.6275888061523438]
  - [0.0, 0.0, 0.0, 1.0]
  '4':
  - [0.23635787339925873, -0.7378142585075916, 0.6322697807305617, 0.2962740783691406]
  - [0.6917165665361465, -0.3292226601344415, -0.6427601664955964, -0.02739417266845703]
  - [0.6823951547759002, 0.5892729079101591, 0.43254397781206066, 0.6209911499023437]
  - [0.0, 0.0, 0.0, 1.0]
  '5':
  - [0.24370211369169276, -0.731344546046781, 0.6369807177221527, 0.3739136962890625]
  - [0.695985875203165, -0.32552687339757097, -0.6400280589268615, 0.014395357131958008]
  - [0.6754353716677011, 0.5993057730938601, 0.42967388684499425, 0.5966244506835937]
  - [0.0, 0.0, 0.0, 1.0]
  '6':
  - [0.18224542868840699, -0.6936187501233652, 0.6969071912381732, 0.3935971984863281]
  - [0.5172812853926153, -0.5351283910344817, -0.6678754950523418, -0.02779087257385254]
  - [0.8361857900638725, 0.4822143035893354, 0.2612712956088169, 0.6723379516601562]
  - [0.0, 0.0, 0.0, 1.0]
  '7':
  - [0.5647155943950419, -0.6678938338563358, 0.48478255346468446, 0.3469791259765625]
  - [0.11640385464191993, -0.5170786267419196, -0.8479857524694582, -0.04007972717285156]
  - [0.8170351522863365, 0.5353013361307589, -0.21425694729708766, 0.683203125]
  - [0.0, 0.0, 0.0, 1.0]
  '8':
  - [0.5088334955708238, -0.7335120685466514, 0.45060905348382585, 0.33389959716796874]
  - [0.07381933821656356, -0.4843318221003668, -0.8717645274993744, -0.06143239212036133]
  - [0.8576941057804031, 0.47684665396472226, -0.1922968785815396, 0.6168377075195313]
  - [0.0, 0.0, 0.0, 1.0]
  '9':
  - [0.014656237733620653, -0.7332714513617964, 0.6797780323850282, 0.3339255065917969]
  - [0.6907392710938711, -0.4841297910408612, -0.5371197304097477, -0.06143596649169922]
  - [0.7229553610453439, 0.4774215370555637, 0.4994038665161692, 0.61658349609375]
  - [0.0, 0.0, 0.0, 1.0]
cam2marker:
  '1':
  - [0.753253890202766, -0.3753983418333308, 0.5400783849064734, -0.09933109053478487]
  - [-0.4420338504399784, -0.8969713828420778, -0.006957975824740836, 0.07162908052584349]
  - [0.4870468683397995, -0.23349180566169034, -0.8415859580157201, 0.4292115472056623]
  - [0.0, 0.0, 0.0, 1.0]
  '10':
  - [0.7460780522548961, -0.5999335784567922, 0.28887236175094433, -0.01232521093738412]
  - [-0.538672124843654, -0.798829348893497, -0.26777605057737053, 0.04546978577822401]
  - [0.3914075648987425, 0.0441743453422873, -0.9191565401788844, 0.37819847128075673]
  - [0.0, 0.0, 0.0, 1.0]
  '2':
  - [0.5926858367468825, -0.33361591555668174, 0.7330920268335519, -0.18831870942028753]
  - [-0.33098227714805845, -0.9306635283442349, -0.15593629860858332, 0.12394352934113192]
  - [0.7342848433227627, -0.15021923278041466, -0.6620120474502935, 0.5400243180323053]
  - [0.0, 0.0, 0.0, 1.0]
  '3':
  - [0.7409664600554033, -0.32714533566372933, 0.5864679312856161, -0.17594668393775445]
  - [-0.37336489928548017, -0.9265853493632279, -0.04514689720200228, 0.14153904373233936]
  - [0.5581821898399372, -0.18551420349636516, -0.808713251558673, 0.46875327025298974]
  - [0.0, 0.0, 0.0, 1.0]
  '4':
  - [0.7117139455792519, -0.6699231857826664, 0.21134375982937564, -0.1461727490822777]
  - [-0.35221834774642824, -0.6006273892585923, -0.7177666576145647, 0.11085217353410046]
  - [0.6077873766201383, 0.43640539000247314, -0.6634341266455921, 0.4180256236056843]
  - [0.0, 0.0, 0.0, 1.0]
  '5':
  - [0.7104733787229109, -0.6737227987079756, 0.2032859282565908, -0.07472606476943162]
  - [-0.3606666968264215, -0.5966507214900114, -0.7168873344855291, 0.06825422610681185]
  - [0.604274037110953, 0.43601090243999785, -0.6668938304011287, 0.45573922534771727]
  - [0.0, 0.0, 0.0, 1.0]
  '6':
  - [0.6639513113743859, -0.7339398813276725, 0.14318137700467604, -0.062411079819614926]
  - [-0.5758596550494062, -0.6239940699073612, -0.5282206531430084, 0.04756844205561453]
  - [0.4770265336546933, 0.26826041697792335, -0.8369480478931882, 0.3595585031482621]
  - [0.0, 0.0, 0.0, 1.0]
  '7':
  - [0.6313738784752037, -0.5333870160451132, 0.5629079113795343, -0.1328420616291272]
  - [-0.5438553864135921, -0.8220073171471731, -0.16889431377470668, 0.08615883358222542]
  - [0.5528004560852877, -0.1995050417182402, -0.8090793496814148, 0.4027028423777089]
  - [0.0, 0.0, 0.0, 1.0]
  '8':
  - [0.7080748705145959, -0.49605428286486797, 0.5025536052971454, -0.1291802977604674]
  - [-0.516336456098071, -0.8491981011326346, -0.11072149356295855, 0.11998115585421977]
  - [0.481691438422796, -0.18108764034066235, -0.8574267459474474, 0.4551510321052423]
  - [0.0, 0.0, 0.0, 1.0]
  '9':
  - [0.7048409292960982, -0.7089582802890007, -0.02402959006466049, -0.10856813463200823]
  - [-0.5209438926490386, -0.4943320381281661, -0.6958831056950013, 0.0865636418843288]
  - [0.48147349366364905, 0.5030049630865646, -0.717752939394611, 0.39120848877406467]
  - [0.0, 0.0, 0.0, 1.0]
