base2end:
  '1':
  - [0.24747563265283348, -0.8858157598315842, -0.3925382158173563, 0.15231480407714842]
  - [-0.43982851419236535, 0.2582828186022992, -0.8601400256459344, -0.1794649658203125]
  - [0.8633114671695359, 0.3855131972434218, -0.32568832555794563, 0.6012056274414063]
  - [0.0, 0.0, 0.0, 1.0]
  '10':
  - [0.524096937900234, -0.8118208688694128, -0.2574281968854807, 0.33142425537109377]
  - [-0.20724639654528398, 0.1716103545608627, -0.96311931624617, -0.11989812469482422]
  - [0.8260577042813614, 0.5581189506508506, -0.07830648837612575, 0.3918465576171875]
  - [0.0, 0.0, 0.0, 1.0]
  '2':
  - [0.43510697512174107, -0.7942729277141811, -0.42404296539472486, 0.23899783325195312]
  - [-0.3573857817483075, 0.2799175038631548, -0.8910227797509847, -0.1404376220703125]
  - [0.8264123203368641, 0.5392371531444806, -0.162067792803124, 0.5741603393554687]
  - [0.0, 0.0, 0.0, 1.0]
  '3':
  - [0.5610167929650023, -0.7847077744261701, -0.26361689393206683, 0.24076353454589844]
  - [-0.05285989740341135, 0.2838442169963018, -0.9574122893112753, -0.13961712646484375]
  - [0.82611499759886, 0.5510591340617477, 0.11776179987310087, 0.5603995971679687]
  - [0.0, 0.0, 0.0, 1.0]
  '4':
  - [0.5880693854934287, -0.7662686951813191, -0.25885649427916685, 0.3044069519042969]
  - [-0.04082559775203548, 0.2915157872116849, -0.9556944157912303, -0.11212770080566406]
  - [0.8077794676850671, 0.5725825989247934, 0.14014813232775902, 0.5466397094726563]
  - [0.0, 0.0, 0.0, 1.0]
  '5':
  - [0.525827338825485, -0.7595473591181785, -0.3828752002941813, 0.25011285400390626]
  - [-0.12879071329887298, 0.37384327835050307, -0.9185064808699587, -0.15998782348632812]
  - [0.8407844919547911, 0.5322865886801481, 0.09875437002773463, 0.5370948486328125]
  - [0.0, 0.0, 0.0, 1.0]
  '6':
  - [0.4404728799569593, -0.8554675490444879, -0.2723213442869275, 0.18061880493164062]
  - [-0.2391436480442783, 0.1805690828977563, -0.9540467084485634, -0.16325096130371095]
  - [0.8653288147418281, 0.4853556209968938, -0.1250438464868348, 0.5432654418945313]
  - [0.0, 0.0, 0.0, 1.0]
  '7':
  - [0.45551522090961405, -0.8466331201648387, -0.27516948115591433, 0.3158296203613281]
  - [-0.23501288173999862, 0.1837711944947424, -0.9544616773292873, -0.1312572479248047]
  - [0.858647092195581, 0.4994401945317628, -0.11525911308936909, 0.441142333984375]
  - [0.0, 0.0, 0.0, 1.0]
  '8':
  - [0.39580087470773023, -0.788789358395213, -0.47026908856851773, 0.2810409240722656]
  - [-0.3258022884068497, 0.35816631420511974, -0.8749684338520904, -0.19491224670410157]
  - [0.8586003356914416, 0.4995280166829366, -0.11522683758290092, 0.4411219787597656]
  - [0.0, 0.0, 0.0, 1.0]
  '9':
  - [0.46958454725706444, -0.8462418890519674, -0.2517240913999599, 0.3168209533691406]
  - [-0.22146083863312377, 0.16309912056973533, -0.9614331873933271, -0.12380779266357422]
  - [0.8546610146305325, 0.5072211964056081, -0.110820611745163, 0.435046875]
  - [0.0, 0.0, 0.0, 1.0]
cam2marker:
  '1':
  - [-0.8656853198117144, -0.4353573010170867, 0.2470889465629891, 0.06468837240117399]
  - [-0.3100294362716325, 0.8538183145782626, 0.41818181970983404, -0.06363294780704902]
  - [-0.3930275762686172, 0.2854090155230773, -0.8741115593278493, 0.4946940076426364]
  - [0.0, 0.0, 0.0, 1.0]
  '10':
  - [-0.7915723303246172, -0.2920338166184592, 0.5367769516435213, 0.18076445426043353]
  - [-0.22896016346852832, 0.9561638601085066, 0.18255934971089438, -0.17511860072965552]
  - [-0.5665602257562031, 0.021608391278760394, -0.8237369653095726, 0.8306988264879726]
  - [0.0, 0.0, 0.0, 1.0]
  '2':
  - [-0.7713619653327641, -0.4577244072972616, 0.44214147668178133, 0.0976336601641629]
  - [-0.3418356156597353, 0.8840274461716217, 0.3188163833334323, -0.09045362492457733]
  - [-0.5367952405754967, 0.09478312813813901, -0.8383716528579934, 0.6320286410879281]
  - [0.0, 0.0, 0.0, 1.0]
  '3':
  - [-0.7595592115965878, -0.2839643180559104, 0.5851786651526281, 0.0781049810697906]
  - [-0.3335499948101952, 0.9424173231612164, 0.024371909399249644, -0.09476567203277529]
  - [-0.5584032638164722, -0.17667443243629855, -0.8105380557891302, 0.6710039490365094]
  - [0.0, 0.0, 0.0, 1.0]
  '4':
  - [-0.7408483958920182, -0.27815656515672754, 0.6113694296940555, 0.12936922297481535]
  - [-0.3402252058691407, 0.9402163426477205, 0.015493169767527001, -0.11664550715080313]
  - [-0.5791290560794928, -0.19652520011020402, -0.7911936438863245, 0.6999552528491598]
  - [0.0, 0.0, 0.0, 1.0]
  '5':
  - [-0.7338863266418666, -0.40443974767549284, 0.5457465987693292, 0.08362226811792732]
  - [-0.4268442936846055, 0.8995661981160555, 0.09265313894259392, -0.019777520904119394]
  - [-0.5284078051249789, -0.1649519496920514, -0.8328121311411075, 0.683031073305033]
  - [0.0, 0.0, 0.0, 1.0]
  '6':
  - [-0.836665300584243, -0.3053265461279065, 0.45471625771230306, 0.06200248464756579]
  - [-0.240410178205623, 0.9506772125056633, 0.19599944856453633, -0.13052449546457265]
  - [-0.49213221903612325, 0.054667520997984886, -0.8688022451251586, 0.6320276384052607]
  - [0.0, 0.0, 0.0, 1.0]
  '7':
  - [-0.8210130611435497, -0.3097803084442951, 0.4795557464277279, 0.18699920298052258]
  - [-0.22630581740845096, 0.9477636480246342, 0.22478822142214078, -0.15735000820507875]
  - [-0.5241404682323153, 0.07602781059055902, -0.8482314198248113, 0.7379794105280914]
  - [0.0, 0.0, 0.0, 1.0]
  '8':
  - [-0.7544117052402677, -0.5013323255351843, 0.4237084827684659, 0.13623642578629652]
  - [-0.4007905424487957, 0.863017960083135, 0.30751738431760867, 0.010902353442306653]
  - [-0.5198364358912055, 0.06217636164514424, -0.8520001056176583, 0.7379799780207762]
  - [0.0, 0.0, 0.0, 1.0]
  '9':
  - [-0.8268410547800569, -0.2894936455105127, 0.48221084531482333, 0.18666985985880738]
  - [-0.22410570422915768, 0.9559391031092886, 0.18962348082070973, -0.17641314725264082]
  - [-0.5158589957170042, 0.04872227781664566, -0.8552868736173854, 0.7526645914537748]
  - [0.0, 0.0, 0.0, 1.0]
